geocommit (1.0)
lat: 48.19199480
long: 10.75342910
speed: 0.00
dir: 0.00
hacc: 150.00
src: cl
